0002005018	2001	NaN	0
0060517794		9.0	1
0060973129	1991	NaN	0
0155061224		5.0	1
0195153448	2002	NaN	0
034545104X		0.0	1
0374157065	1999	NaN	0
038550120X		7.0	1
0393045218	1999	NaN	0
0399135782	1991	NaN	0
0425115801		0.0	1
0425176428	2000	NaN	0
0440234743	1999	NaN	0
0446520802		0.0	1
0449006522		0.0	1
0451192001		0.0	1
052165615X		3.0	1
0521795028		6.0	1
0553561618		0.0	1
055356451X		0.0	1
0600570967		6.0	1
0609801279		0.0	1
0671870432	1993	NaN	0
0679425608	1996	NaN	0
074322678X	2002	NaN	0
0771074670	1988	NaN	0
0786013990		0.0	1
0786014512		0.0	1
080652121X	2000	NaN	0
0887841740	2004	NaN	0
1552041778	1999	NaN	0
1558746218	1998	NaN	0
1567407781	1998	NaN	0
1575663937	1999	NaN	0
1881320189	1994	NaN	0
2080674722		0.0	1
3257224281		8.0	1
342310538		10.0	1
